object={
	name="reeds_01_generator_1_0"
	clamp_to_water_level=no
	render_under_water=no
	generated_content=yes
	layer="grass_layer"
	pdxmesh="reeds_06_grass_mesh"
	count=65
	transform="1467.097656 0.000000 2521.983643 0.000000 0.098052 0.000000 0.995181 0.919120 0.919120 0.919120
1463.605713 0.000000 2530.681885 0.000000 0.543372 0.000000 0.839492 0.965176 0.965176 0.965176
1470.138428 0.000000 2535.535889 0.000000 0.497505 0.000000 0.867461 0.766681 0.766681 0.766681
1470.487305 0.000000 2519.706299 0.000000 0.315765 0.000000 0.948837 0.950088 0.950088 0.950088
1467.268921 0.000000 2534.011230 0.000000 0.100211 0.000000 0.994966 0.838477 0.838477 0.838477
1463.353638 0.000000 2527.796143 0.000000 0.573167 0.000000 0.819439 0.956840 0.956840 0.956840
1466.449829 0.000000 2530.584229 0.000000 0.098537 0.000000 0.995133 0.610432 0.610432 0.610432
1470.313843 0.000000 2533.411865 0.000000 0.692402 0.000000 0.721512 0.724332 0.724332 0.724332
1471.143433 0.000000 2529.655273 0.000000 0.659094 0.000000 0.752061 0.547371 0.547371 0.547371
1468.727661 0.000000 2520.806885 0.000000 0.627536 0.000000 0.778588 0.904198 0.904198 0.904198
1467.471069 0.000000 2528.855957 0.000000 0.183102 0.000000 0.983094 0.588040 0.588040 0.588040
1468.348755 0.000000 2535.409424 0.000000 0.366323 0.000000 0.930488 0.785064 0.785064 0.785064
1466.720825 0.000000 2525.749756 0.000000 0.396182 0.000000 0.918172 0.735682 0.735682 0.735682
1468.709473 0.000000 2522.626465 0.000000 0.713044 0.000000 0.701119 0.829304 0.829304 0.829304
1466.678223 0.000000 2523.367676 0.000000 0.153237 0.000000 0.988189 0.794825 0.794825 0.794825
1469.522705 0.000000 2527.038086 0.000000 0.146294 0.000000 0.989241 0.431196 0.431196 0.431196
1469.498413 0.000000 2523.929199 0.000000 0.587517 0.000000 0.809212 0.792868 0.792868 0.792868
1469.300415 0.000000 2534.374756 0.000000 0.607492 0.000000 0.794326 0.835007 0.835007 0.835007
1464.672607 0.000000 2527.522217 0.000000 0.167862 0.000000 0.985810 0.775968 0.775968 0.775968
1471.305298 0.000000 2534.945068 0.000000 0.622759 0.000000 0.782414 0.800353 0.800353 0.800353
1471.684204 0.000000 2522.287109 0.000000 0.550287 0.000000 0.834975 0.736051 0.736051 0.736051
1467.298706 0.000000 2529.917480 0.000000 0.114462 0.000000 0.993428 0.567413 0.567413 0.567413
1471.818848 0.000000 2527.651367 0.000000 0.536636 0.000000 0.843814 0.498518 0.498518 0.498518
1469.556885 0.000000 2532.475098 0.000000 0.244682 0.000000 0.969603 0.623293 0.623293 0.623293
1468.516235 0.000000 2528.965820 0.000000 0.642059 0.000000 0.766655 0.633588 0.633588 0.633588
1468.741211 0.000000 2524.508057 0.000000 0.476014 0.000000 0.879438 0.653894 0.653894 0.653894
1467.146729 0.000000 2526.565674 0.000000 0.641092 0.000000 0.767464 0.753189 0.753189 0.753189
1470.288940 0.000000 2524.395264 0.000000 0.674777 0.000000 0.738022 0.676695 0.676695 0.676695
1466.880981 0.000000 2531.416748 0.000000 0.180364 0.000000 0.983600 0.632307 0.632307 0.632307
1468.552856 0.000000 2530.906250 0.000000 0.685570 0.000000 0.728007 0.694643 0.694643 0.694643
1469.915283 0.000000 2531.698975 0.000000 0.348572 0.000000 0.937282 0.545098 0.545098 0.545098
1474.582886 0.000000 2524.932861 0.000000 0.731617 0.000000 0.681716 0.743444 0.743444 0.743444
1474.784912 0.000000 2521.808594 0.000000 0.443183 0.000000 0.896431 0.866786 0.866786 0.866786
1471.895142 0.000000 2526.466064 0.000000 0.056336 0.000000 0.998412 0.243830 0.243830 0.243830
1477.749756 0.000000 2526.127686 0.000000 0.436313 0.000000 0.899795 0.650702 0.650702 0.650702
1474.110229 0.000000 2527.317627 0.000000 0.472717 0.000000 0.881214 0.539610 0.539610 0.539610
1479.601318 0.000000 2527.509277 0.000000 0.599480 0.000000 0.800390 0.821617 0.821617 0.821617
1471.856812 0.000000 2532.037354 0.000000 0.590964 0.000000 0.806698 0.678993 0.678993 0.678993
1478.115601 0.000000 2528.955566 0.000000 0.531932 0.000000 0.846787 0.795774 0.795774 0.795774
1477.703491 0.000000 2521.542725 0.000000 0.360795 0.000000 0.932645 0.915999 0.915999 0.915999
1478.987061 0.000000 2523.073730 0.000000 0.712556 0.000000 0.701615 0.941756 0.941756 0.941756
1476.388062 0.000000 2535.126709 0.000000 0.362553 0.000000 0.931963 0.844243 0.844243 0.844243
1473.849365 0.000000 2520.388672 0.000000 0.401332 0.000000 0.915933 0.829457 0.829457 0.829457
1478.771851 0.000000 2533.707520 0.000000 0.126725 0.000000 0.991938 0.823387 0.823387 0.823387
1478.103271 0.000000 2532.253174 0.000000 0.203891 0.000000 0.978994 0.832961 0.832961 0.832961
1473.070801 0.000000 2531.001953 0.000000 0.414099 0.000000 0.910232 0.463136 0.463136 0.463136
1473.260620 0.000000 2526.217773 0.000000 0.682298 0.000000 0.731075 0.580384 0.580384 0.580384
1474.524048 0.000000 2526.138672 0.000000 0.579132 0.000000 0.815234 0.593099 0.593099 0.593099
1478.512695 0.000000 2527.075195 0.000000 0.234728 0.000000 0.972061 0.743587 0.743587 0.743587
1471.972290 0.000000 2535.542480 0.000000 0.030328 0.000000 0.999540 0.657720 0.657720 0.657720
1478.906738 0.000000 2529.698486 0.000000 0.046233 0.000000 0.998931 0.691706 0.691706 0.691706
1475.492310 0.000000 2529.183594 0.000000 0.484709 0.000000 0.874675 0.521517 0.521517 0.521517
1475.604858 0.000000 2524.478516 0.000000 0.156010 0.000000 0.987755 0.516324 0.516324 0.516324
1472.156494 0.000000 2533.138184 0.000000 0.025585 0.000000 0.999673 0.459924 0.459924 0.459924
1475.480225 0.000000 2525.548340 0.000000 0.412898 0.000000 0.910777 0.608323 0.608323 0.608323
1477.090576 0.000000 2529.248535 0.000000 0.632752 0.000000 0.774354 0.710336 0.710336 0.710336
1473.793945 0.000000 2522.197754 0.000000 0.400587 0.000000 0.916259 0.684707 0.684707 0.684707
1472.013306 0.000000 2522.389648 0.000000 0.194208 0.000000 0.980960 0.625735 0.625735 0.625735
1472.788696 0.000000 2523.795654 0.000000 0.713349 0.000000 0.700809 0.788688 0.788688 0.788688
1476.460571 0.000000 2524.044434 0.000000 0.112406 0.000000 0.993662 0.632325 0.632325 0.632325
1477.971680 0.000000 2529.926758 0.000000 0.559660 0.000000 0.828722 0.680533 0.680533 0.680533
1472.882202 0.000000 2527.092529 0.000000 0.481327 0.000000 0.876541 0.453084 0.453084 0.453084
1473.423950 0.000000 2527.882324 0.000000 0.275387 0.000000 0.961334 0.338864 0.338864 0.338864
1474.581055 0.000000 2529.240234 0.000000 0.444969 0.000000 0.895546 0.501344 0.501344 0.501344
1473.522583 0.000000 2531.744141 0.000000 0.167214 0.000000 0.985921 0.341597 0.341597 0.341597
"}
object={
	name="reeds_01_generator_1_1"
	clamp_to_water_level=no
	render_under_water=no
	generated_content=yes
	layer="grass_layer"
	pdxmesh="reeds_07_grass_mesh"
	count=31
	transform="1469.098145 0.000000 2531.542480 0.000000 0.931561 0.000000 0.363586 0.860650 0.860650 0.860650
1464.522217 0.000000 2534.986816 0.000000 0.750382 0.000000 0.661004 0.978365 0.978365 0.978365
1468.626709 0.000000 2537.067139 0.000000 0.995098 0.000000 0.098890 0.993571 0.993571 0.993571
1470.436279 0.000000 2537.592041 0.000000 0.774504 0.000000 0.632570 0.935028 0.935028 0.935028
1468.789185 0.000000 2533.124512 0.000000 0.986040 0.000000 0.166510 0.952389 0.952389 0.952389
1468.405884 0.000000 2525.361572 0.000000 0.840001 0.000000 0.542585 0.815298 0.815298 0.815298
1466.338257 0.000000 2529.308350 0.000000 0.919953 0.000000 0.392028 0.880322 0.880322 0.880322
1466.604492 0.000000 2532.993164 0.000000 0.977180 0.000000 0.212415 0.957784 0.957784 0.957784
1472.050903 0.000000 2520.269287 0.000000 0.986918 0.000000 0.161220 0.976149 0.976149 0.976149
1474.282715 0.000000 2532.087646 0.000000 0.774077 0.000000 0.633091 0.792910 0.792910 0.792910
1471.870239 0.000000 2523.374268 0.000000 0.878744 0.000000 0.477293 0.867083 0.867083 0.867083
1477.565552 0.000000 2530.771240 0.000000 0.947090 0.000000 0.320968 0.904557 0.904557 0.904557
1481.619873 0.000000 2526.804688 0.000000 0.772727 0.000000 0.634739 0.953646 0.953646 0.953646
1472.029175 0.000000 2536.664307 0.000000 0.859165 0.000000 0.511698 0.946358 0.946358 0.946358
1474.849731 0.000000 2530.064697 0.000000 0.742903 0.000000 0.669399 0.707045 0.707045 0.707045
1481.575562 0.000000 2528.667236 0.000000 0.983750 0.000000 0.179543 0.986480 0.986480 0.986480
1476.111694 0.000000 2531.878418 0.000000 0.929034 0.000000 0.369994 0.889295 0.889295 0.889295
1473.550537 0.000000 2533.696289 0.000000 0.923416 0.000000 0.383800 0.862322 0.862322 0.862322
1475.581909 0.000000 2523.336426 0.000000 0.823636 0.000000 0.567118 0.858490 0.858490 0.858490
1472.544189 0.000000 2527.945068 0.000000 0.995332 0.000000 0.096513 0.950528 0.950528 0.950528
1473.047119 0.000000 2535.437744 0.000000 0.959587 0.000000 0.281413 0.935192 0.935192 0.935192
1478.408936 0.000000 2524.692383 0.000000 0.950318 0.000000 0.311280 0.953375 0.953375 0.953375
1479.112793 0.000000 2530.786621 0.000000 0.884251 0.000000 0.467011 0.913870 0.913870 0.913870
1475.237183 0.000000 2531.123047 0.000000 0.929225 0.000000 0.369516 0.848814 0.848814 0.848814
1471.828369 0.000000 2524.466309 0.000000 0.776953 0.000000 0.629559 0.734782 0.734782 0.734782
1477.041382 0.000000 2532.366455 0.000000 0.984733 0.000000 0.174073 0.961124 0.961124 0.961124
1471.826660 0.000000 2528.672852 0.000000 0.946874 0.000000 0.321605 0.825887 0.825887 0.825887
1475.101074 0.000000 2527.143555 0.000000 0.990809 0.000000 0.135265 0.942076 0.942076 0.942076
1475.234375 0.000000 2532.489258 0.000000 0.926040 0.000000 0.377425 0.883090 0.883090 0.883090
1477.417358 0.000000 2524.548584 0.000000 0.781852 0.000000 0.623463 0.830261 0.830261 0.830261
1472.603760 0.000000 2531.699707 0.000000 0.850566 0.000000 0.525868 0.740104 0.740104 0.740104
"}
object={
	name="reeds_01_generator_1_2"
	clamp_to_water_level=no
	render_under_water=no
	generated_content=yes
	layer="grass_layer"
	pdxmesh="reeds_01_tall_grass_mesh"
	count=92
	transform="1468.285767 0.000000 2539.200195 0.000000 0.239311 0.000000 -0.970943 1.013273 1.013273 1.013273
1466.131714 0.000000 2527.379639 0.000000 0.498023 0.000000 -0.867164 1.296069 1.296069 1.296069
1469.843872 0.000000 2525.291992 0.000000 0.986983 0.000000 -0.160827 1.052021 1.052021 1.052021
1469.415283 0.000000 2528.472900 0.000000 0.008171 0.000000 -0.999967 1.655396 1.655396 1.655396
1465.551270 0.000000 2524.563965 0.000000 0.187016 0.000000 -0.982357 1.165692 1.165692 1.165692
1470.319702 0.000000 2522.447021 0.000000 0.347810 0.000000 -0.937565 1.324714 1.324714 1.324714
1464.970947 0.000000 2532.652100 0.000000 0.912479 0.000000 -0.409123 1.041039 1.041039 1.041039
1471.728271 0.000000 2531.748779 0.000000 0.907105 0.000000 -0.420905 1.199568 1.199568 1.199568
1467.914062 0.000000 2524.100342 0.000000 0.987696 0.000000 -0.156386 1.035675 1.035675 1.035675
1468.150391 0.000000 2526.704834 0.000000 0.967895 0.000000 -0.251353 1.101491 1.101491 1.101491
1471.058105 0.000000 2526.986572 0.000000 0.307538 0.000000 -0.951536 1.628227 1.628227 1.628227
1465.014648 0.000000 2529.135742 0.000000 0.998142 0.000000 0.060931 0.989497 0.989497 0.989497
1467.423462 0.000000 2532.156250 0.000000 0.999785 0.000000 0.020727 0.995912 0.995912 0.995912
1466.230713 0.000000 2535.502441 0.000000 0.873215 0.000000 -0.487335 1.055917 1.055917 1.055917
1471.200195 0.000000 2524.231201 0.000000 0.123623 0.000000 -0.992329 1.563495 1.563495 1.563495
1465.071899 0.000000 2526.151367 0.000000 0.553193 0.000000 -0.833053 1.157319 1.157319 1.157319
1468.559937 0.000000 2530.021240 0.000000 0.188763 0.000000 -0.982023 1.517120 1.517120 1.517120
1471.293213 0.000000 2521.234131 0.000000 0.984713 0.000000 -0.174186 1.025351 1.025351 1.025351
1464.998413 0.000000 2531.178955 0.000000 0.730128 0.000000 -0.683311 1.110809 1.110809 1.110809
1470.406616 0.000000 2530.958984 0.000000 0.911769 0.000000 -0.410703 1.194415 1.194415 1.194415
1470.835938 0.000000 2528.323730 0.000000 0.984972 0.000000 -0.172712 1.092305 1.092305 1.092305
1466.116089 0.000000 2531.928467 0.000000 0.681727 0.000000 -0.731607 1.217179 1.217179 1.217179
1469.851074 0.000000 2529.705322 0.000000 0.999198 0.000000 -0.040041 1.016798 1.016798 1.016798
1470.000122 0.000000 2521.041992 0.000000 0.798807 0.000000 -0.601587 1.093466 1.093466 1.093466
1467.687134 0.000000 2530.964844 0.000000 0.469111 0.000000 -0.883139 1.286470 1.286470 1.286470
1471.037476 0.000000 2525.415283 0.000000 0.752280 0.000000 -0.658844 1.280132 1.280132 1.280132
1468.253662 0.000000 2527.896729 0.000000 0.772289 0.000000 -0.635271 1.274963 1.274963 1.274963
1470.546631 0.000000 2532.234619 0.000000 0.999547 0.000000 0.030086 0.989708 0.989708 0.989708
1466.823120 0.000000 2524.583740 0.000000 0.985734 0.000000 -0.168312 1.038421 1.038421 1.038421
1471.437744 0.000000 2533.086426 0.000000 0.373893 0.000000 -0.927472 1.406189 1.406189 1.406189
1467.240601 0.000000 2527.495850 0.000000 0.725188 0.000000 -0.688551 1.214260 1.214260 1.214260
1471.141602 0.000000 2523.156982 0.000000 0.914869 0.000000 -0.403750 1.111023 1.111023 1.111023
1470.269531 0.000000 2526.247070 0.000000 0.591521 0.000000 -0.806290 1.468279 1.468279 1.468279
1470.370483 0.000000 2534.543457 0.000000 0.080754 0.000000 -0.996734 1.331057 1.331057 1.331057
1469.133911 0.000000 2526.101318 0.000000 0.012005 0.000000 -0.999928 1.622655 1.622655 1.622655
1471.389038 0.000000 2530.777832 0.000000 0.369448 0.000000 -0.929251 1.547738 1.547738 1.547738
1466.036621 0.000000 2526.429443 0.000000 0.906807 0.000000 -0.421546 1.122760 1.122760 1.122760
1468.399780 0.000000 2532.194336 0.000000 0.505470 0.000000 -0.862844 1.296238 1.296238 1.296238
1469.337158 0.000000 2530.598389 0.000000 0.341149 0.000000 -0.940009 1.457863 1.457863 1.457863
1466.721802 0.000000 2528.279053 0.000000 0.952166 0.000000 -0.305581 1.092261 1.092261 1.092261
1470.233032 0.000000 2527.631592 0.000000 0.891572 0.000000 -0.452878 1.234671 1.234671 1.234671
1471.055542 0.000000 2533.860107 0.000000 0.044866 0.000000 -0.998993 1.521904 1.521904 1.521904
1471.403809 0.000000 2526.181396 0.000000 0.268450 0.000000 -0.963294 1.648610 1.648610 1.648610
1470.210571 0.000000 2528.907471 0.000000 0.915438 0.000000 -0.402460 1.220258 1.220258 1.220258
1470.518311 0.000000 2530.153809 0.000000 0.997935 0.000000 -0.064238 1.029529 1.029529 1.029529
1473.796265 0.000000 2538.402100 0.000000 0.874598 0.000000 -0.484850 1.008846 1.008846 1.008846
1479.987305 0.000000 2524.715088 0.000000 0.180669 0.000000 -0.983544 1.204614 1.204614 1.204614
1472.534302 0.000000 2529.556396 0.000000 0.981824 0.000000 -0.189793 1.104401 1.104401 1.104401
1477.073120 0.000000 2533.422852 0.000000 0.998852 0.000000 0.047901 0.989353 0.989353 0.989353
1479.986938 0.000000 2529.573975 0.000000 0.800497 0.000000 -0.599336 1.129961 1.129961 1.129961
1471.854370 0.000000 2534.191895 0.000000 0.132563 0.000000 -0.991175 1.319478 1.319478 1.319478
1476.237061 0.000000 2528.407715 0.000000 0.746535 0.000000 -0.665346 1.238077 1.238077 1.238077
1477.088989 0.000000 2537.064941 0.000000 0.999613 0.000000 0.027830 0.999097 0.999097 0.999097
1474.628540 0.000000 2535.332764 0.000000 0.672403 0.000000 -0.740185 1.160197 1.160197 1.160197
1477.266602 0.000000 2523.495605 0.000000 0.976856 0.000000 -0.213897 1.036057 1.036057 1.036057
1479.834595 0.000000 2532.483887 0.000000 0.021718 0.000000 -0.999764 1.189500 1.189500 1.189500
1475.891113 0.000000 2526.523926 0.000000 0.747544 0.000000 -0.664212 1.310124 1.310124 1.310124
1473.642578 0.000000 2523.271484 0.000000 0.352370 0.000000 -0.935861 1.329459 1.329459 1.329459
1472.829468 0.000000 2524.881104 0.000000 0.940588 0.000000 -0.339551 1.137520 1.137520 1.137520
1475.523926 0.000000 2520.166260 0.000000 0.999452 0.000000 -0.033106 1.003968 1.003968 1.003968
1475.273926 0.000000 2533.521484 0.000000 0.860083 0.000000 -0.510154 1.161724 1.161724 1.161724
1476.541382 0.000000 2524.999512 0.000000 0.196944 0.000000 -0.980415 1.346092 1.346092 1.346092
1472.826172 0.000000 2521.816406 0.000000 0.681473 0.000000 -0.731843 1.120934 1.120934 1.120934
1473.910767 0.000000 2536.787354 0.000000 0.970630 0.000000 -0.240579 1.024263 1.024263 1.024263
1479.239990 0.000000 2526.057861 0.000000 0.850126 0.000000 -0.526580 1.106608 1.106608 1.106608
1473.861572 0.000000 2528.757080 0.000000 0.988286 0.000000 -0.152612 1.083767 1.083767 1.083767
1476.318115 0.000000 2529.993652 0.000000 0.974114 0.000000 -0.226058 1.074576 1.074576 1.074576
1476.327026 0.000000 2522.044922 0.000000 0.041848 0.000000 -0.999124 1.255743 1.255743 1.255743
1477.426025 0.000000 2527.530273 0.000000 0.784185 0.000000 -0.620527 1.208903 1.208903 1.208903
1473.056274 0.000000 2532.493896 0.000000 0.689047 0.000000 -0.724717 1.283326 1.283326 1.283326
1475.037231 0.000000 2528.206787 0.000000 0.982910 0.000000 -0.184088 1.083200 1.083200 1.083200
1471.829590 0.000000 2530.571777 0.000000 0.927611 0.000000 -0.373548 1.175859 1.175859 1.175859
1473.625732 0.000000 2529.934570 0.000000 0.746899 0.000000 -0.664938 1.397707 1.397707 1.397707
1479.192749 0.000000 2528.601074 0.000000 0.724338 0.000000 -0.689445 1.153834 1.153834 1.153834
1475.440308 0.000000 2534.604004 0.000000 0.274728 0.000000 -0.961522 1.248461 1.248461 1.248461
1474.169067 0.000000 2530.999512 0.000000 0.997621 0.000000 -0.068934 1.027557 1.027557 1.027557
1474.594116 0.000000 2523.742432 0.000000 0.362220 0.000000 -0.932093 1.281645 1.281645 1.281645
1476.188721 0.000000 2533.915527 0.000000 0.127790 0.000000 -0.991801 1.320548 1.320548 1.320548
1476.180420 0.000000 2532.890381 0.000000 0.150550 0.000000 -0.988602 1.315441 1.315441 1.315441
1473.722168 0.000000 2524.417725 0.000000 0.980846 0.000000 -0.194786 1.077818 1.077818 1.077818
1476.419922 0.000000 2527.421875 0.000000 0.999747 0.000000 -0.022515 1.007027 1.007027 1.007027
1474.337280 0.000000 2533.122070 0.000000 0.913906 0.000000 -0.405925 1.126268 1.126268 1.126268
1472.027710 0.000000 2525.488037 0.000000 0.109951 0.000000 -0.993937 1.579796 1.579796 1.579796
1472.834473 0.000000 2534.479248 0.000000 0.475508 0.000000 -0.879711 1.244283 1.244283 1.244283
1476.596069 0.000000 2530.937500 0.000000 0.911646 0.000000 -0.410976 1.123710 1.123710 1.123710
1474.726562 0.000000 2522.775635 0.000000 0.858895 0.000000 -0.512152 1.126182 1.126182 1.126182
1476.847412 0.000000 2526.473877 0.000000 0.478927 0.000000 -0.877855 1.334339 1.334339 1.334339
1472.825073 0.000000 2522.854004 0.000000 0.357748 0.000000 -0.933818 1.327893 1.327893 1.327893
1473.696289 0.000000 2525.352539 0.000000 0.993661 0.000000 -0.112418 1.044719 1.044719 1.044719
1477.414307 0.000000 2528.413086 0.000000 0.356053 0.000000 -0.934466 1.394667 1.394667 1.394667
1472.933960 0.000000 2528.754639 0.000000 0.390421 0.000000 -0.920636 1.639531 1.639531 1.639531
1477.445557 0.000000 2531.612061 0.000000 0.586488 0.000000 -0.809958 1.275762 1.275762 1.275762
"}
